0.0,0.0,0.0,0.0,0.0,0.0,0.0,0.0,0.0,0.0,0.0,0.0,0.0,0.0,0.0,0.0,0.0,0.0,0.0,0.0,0.0,0.0,0.0,0.0,0.0,0.0,0.0,0.0,0.0,0.0,0.0,0.0,0.0,0.0,0.0,0.0,0.0,0.0,0.0,0.0,0.0,0.0,0.0,0.0,0.0,0.0,0.0,0.0,0.0,0.0,0.0,0.0,0.0,0.0,0.0,0.0,0.0,0.0,0.0,0.0,0.0,0.0,0.0,0.0,0.0,0.0,0.0,0.0,0.0,0.0,0.0,0.0,0.0,0.0,0.0,0.0,0.0,0.0,0.0,0.0,0.0,0.0,0.0,0.0,0.0,0.0,0.0,0.0,0.0,0.0,0.0,0.0,0.0,0.0,0.0,0.0,0.0,0.0,0.0,0.0,0.0,0.0,0.0,0.0,0.0,0.0,0.0,0.0,0.0,0.0,0.0,0.0,0.0,0.0,0.0,0.0,0.0,0.0,0.0,0.0,0.0,0.0,0.0,0.0,0.0,0.0,0.0,0.0,0.0,0.0,0.0,0.0,0.0,0.0,0.0,0.0,0.0,0.0,0.0,0.0,0.0,0.0,0.0,0.0
0.02079164609313011,0.035140056163072586,0.03134556859731674,0.02145046554505825,0.010956957004964352,0.004915083758533001,0.007382013835012913,0.013149231672286987,0.01908247359097004,0.02511732652783394,0.02736605890095234,0.017296986654400826,0.01546526700258255,8.630584488855675e-05,8.79687286214903e-05,0.00021769026352558285,0.00018798136443365365,9.309271990787238e-05,3.1614850740879774e-05,0.0001363571354886517,3.545127765391953e-05,0.00020206107001286,5.5621163483010605e-05,0.01626560278236866,0.017146963626146317,0.00027966208290308714,0.00015792854537721723,0.0010996361961588264,0.0003766431182157248,9.658928320277482e-05,0.0003269849403295666,0.0006268846918828785,0.00018159480532631278,0.00023935279750730842,0.00011591003567446023,0.01785409264266491,0.014550791122019291,2.8238770028110594e-05,0.0013003085041418672,0.0012993387645110488,0.00041979370871558785,0.0004362999170552939,0.000524858885910362,7.707328768447042e-05,0.0005717864842154086,0.0017893546028062701,0.00012767953739967197,0.015206213109195232,0.012209887616336346,0.0006500720046460629,0.000541008950676769,0.00034580830833874643,0.0004744192701764405,0.002223602030426264,0.0009714297484606504,0.00027652550488710403,6.512761319754645e-05,0.0004897614708170295,0.00046726595610380173,0.010813640430569649,0.010867757722735405,0.0005524620064534247,0.00035644424497149885,0.0002729453844949603,0.0018361667171120644,0.003101379843428731,0.0015401887940242887,0.0,0.0,0.00011815359175670892,0.00019520378555171192,0.004054207820445299,0.007701271213591099,0.00012735665950458497,0.0009120688191615045,0.00022185483248904347,0.0017390016000717878,0.0015299177030101418,0.00021032037329860032,1.91961935342988e-05,4.45492441940587e-05,0.00017506704898551106,0.00024305167607963085,0.002444538287818432,0.00807295273989439,0.0002324960078112781,0.00023988037719391286,0.00085506058530882,0.0021877381950616837,0.0007612577173858881,0.0008730489062145352,2.2087602701503783e-05,0.00011008348519681022,0.0003530183166731149,3.550975088728592e-05,0.0017581392312422395,0.007645355071872473,0.00021896492398809642,0.0002908135938923806,0.0002589145733509213,0.0006722049438394606,0.0005203915643505752,0.0009493905236013234,0.0004705348110292107,6.749353633495048e-05,0.00042845032294280827,0.0002089929475914687,0.008649924769997597,0.010059872642159462,0.000137794588226825,9.935627167578787e-05,0.00013202599075157195,0.0014001375529915094,0.000271763710770756,0.00042625682544894516,0.0008336525061167777,0.000517086882609874,0.0020475038327276707,7.908837142167613e-05,0.017256520688533783,0.012686192989349365,4.130968954996206e-05,3.2742085750214756e-05,4.566328425426036e-05,0.00014274440763983876,0.00012708193389698863,3.5241537261754274e-05,6.557293090736493e-05,0.00034520996268838644,0.00027800415409728885,6.565614603459835e-05,0.022592132911086082,0.015423675067722797,0.027811778709292412,0.02777343988418579,0.025661975145339966,0.017925925552845,0.009421328082680702,0.005523041356354952,0.008524958044290543,0.018118631094694138,0.026797832921147346,0.03210671618580818,0.02034337818622589
0.0382482074201107,0.06456421315670013,0.057505663484334946,0.0394606813788414,0.020460786297917366,0.010135534219443798,0.015992438420653343,0.02707054279744625,0.03752218186855316,0.047513172030448914,0.05085128918290138,0.03262026235461235,0.028097983449697495,7.312944217119366e-05,9.117551235249266e-05,0.00017257030413020402,0.00018506489868741482,8.882325346348807e-05,2.3479155061068013e-05,0.00011028766311937943,1.793164665286895e-05,0.00016445758228655905,4.834941137232818e-05,0.03128751367330551,0.031576141715049744,0.00025972974253818393,0.0001076706248568371,0.0007258026744239032,0.0002721966302487999,0.00011772549623856321,0.00032605192973278463,0.0007216859958134592,0.00020503455016296357,0.00019712834910023957,0.00015587797679472715,0.033875174820423126,0.026801608502864838,9.216410398948938e-05,0.0011212124954909086,0.0009478831198066473,9.031922672875226e-05,0.00019274995429441333,0.0005328116822056472,0.0001384526985930279,0.0006245148833841085,0.001424880581907928,0.00014740896585863084,0.028481151908636093,0.022198809310793877,0.0006222398951649666,0.00041190930642187595,0.0003346967860125005,0.0005929064936935902,0.0004323640314396471,0.00039204745553433895,0.00038768540252931416,5.079060065327212e-05,0.00037333715590648353,0.00047355092829093337,0.019966166466474533,0.019774360582232475,0.0005176453269086778,0.0002837079227901995,0.0004931435687467456,0.0013425962533801794,0.0005530534544959664,0.00023065494315233082,0.0,0.0,0.0001042952571879141,0.00020817725453525782,0.007848951034247875,0.01483331248164177,0.0001707303454168141,0.0007797966827638447,0.00015109733794815838,0.0008394723408855498,0.0005778209306299686,8.020066889002919e-05,2.440523348923307e-05,4.192605410935357e-05,0.00020632021187338978,0.00019242365669924766,0.004370459821075201,0.016001874580979347,0.00023432218586094677,0.0002671114634722471,0.0005700119654648006,0.0011610499350354075,0.0002447069273330271,0.0003439541033003479,2.679480348888319e-05,0.00013315981777850538,0.00032848017872311175,2.8174466933705844e-05,0.002993624657392502,0.015218458138406277,0.00017366289102938026,0.0001946736592799425,0.00018598046153783798,0.0007195871439762414,4.210922634229064e-05,2.6669476937968284e-05,0.00013591813331004232,6.258606299525127e-05,0.00033207074739038944,0.00020717120787594467,0.015941321849822998,0.01991039328277111,9.320113167632371e-05,6.573093560291454e-05,8.053299825405702e-05,0.0009570916299708188,0.00013255633530206978,0.0005079652182757854,0.0005113292718306184,0.00043056387221440673,0.0016138381324708462,9.496760321781039e-05,0.032443154603242874,0.024464517831802368,2.4239590857177973e-05,2.3066189896780998e-05,6.53263705316931e-05,0.00013472524005919695,0.0001156222861027345,3.993212158093229e-05,2.223800402134657e-05,0.000358468882041052,0.00025371770607307553,0.00010937706974800676,0.04230492189526558,0.029109742492437363,0.05245319753885269,0.05184120684862137,0.047362759709358215,0.03367481380701065,0.018585804849863052,0.01236430648714304,0.01798371411859989,0.03403739631175995,0.0495346300303936,0.05949709191918373,0.03760479763150215
0.05358704924583435,0.09036261588335037,0.08077052980661392,0.055884432047605515,0.029335539788007736,0.014686818234622478,0.023309707641601562,0.0392322838306427,0.05363301932811737,0.06722871959209442,0.07154079526662827,0.046060122549533844,0.03939094394445419,6.231407314771786e-05,8.209654333768412e-05,0.0001490648865001276,0.00016771478112787008,7.313015521503985e-05,1.9913910364266485e-05,8.163289749063551e-05,2.6450177756487392e-05,0.0001235699892276898,4.5826007408322766e-05,0.04442622885107994,0.044450413435697556,0.00023798430629540235,6.948751251911744e-05,0.0006516441935673356,0.0002296836901223287,9.337296796729788e-05,0.0002620519953779876,0.0005106318858452141,0.00016307788609992713,0.0001585737190907821,0.0001578052033437416,0.04781929403543472,0.03765418380498886,0.00012005685130134225,0.000840800697915256,0.0007695848471485078,0.00014482309052255005,0.00018233088485430926,0.00039196235593408346,9.580992627888918e-05,0.00045884904102422297,0.0010615770006552339,0.00016210763715207577,0.039993930608034134,0.03061838075518608,0.0005869955639354885,0.00025057821767404675,0.0002597406564746052,7.391104736598209e-05,0.0007046757964417338,3.838555858237669e-05,0.0002635516575537622,5.2704574045492336e-05,0.00023927082656882703,0.0004465263045858592,0.02786756493151188,0.02714385837316513,0.0004743096651509404,0.00014493912749458104,0.00014886015560477972,0.0006851758807897568,0.001099658664315939,0.0003466926282271743,0.0,0.0,4.641247869585641e-05,0.0002018045197473839,0.011232343502342701,0.020927250385284424,0.00017927575390785933,0.0005897490191273391,0.00011828127026092261,0.0005894165951758623,6.098699668655172e-05,7.328174979193136e-05,2.492042949597817e-05,3.67525099136401e-05,0.00020057254005223513,0.00017062391270883381,0.006117918062955141,0.022636374458670616,0.00021810470207128674,0.00023812016297597438,0.0004501365765463561,0.001098258071579039,0.00022206177527550608,0.0003280586679466069,2.6781110136653297e-05,0.0001382835762342438,0.00031617959029972553,4.078666097484529e-05,0.0035762351471930742,0.021507302299141884,0.0001480104256188497,0.00014927175652701408,0.00017859363288152963,0.000531031284481287,8.543181320419535e-05,0.0001134558260673657,0.00011279300088062882,5.520476042875089e-05,0.00023923082335386425,0.00017019594088196754,0.02224656008183956,0.028497228398919106,7.666547753615305e-05,5.390795922721736e-05,7.756279956083745e-05,0.0007866357918828726,0.00011569067282835022,0.0003125418443232775,0.0004796799039468169,0.0003126922529190779,0.0012741051614284515,0.00010850515536731109,0.045960452407598495,0.034837670624256134,2.0292160115786828e-05,1.6746847904869355e-05,6.389899499481544e-05,0.00011630867811618373,0.00010386350913904607,3.2668569474481046e-05,1.3816877071803901e-05,0.0003247409767936915,0.00022861258185002953,0.00011959411494899541,0.05954981595277786,0.041199859231710434,0.07422026246786118,0.07303228974342346,0.06660068035125732,0.04780469089746475,0.026715535670518875,0.018374880775809288,0.026241686195135117,0.04784258455038071,0.06953813135623932,0.083748959004879,0.05274726077914238
0.06723620742559433,0.11324521154165268,0.10150055587291718,0.07070500403642654,0.037481360137462616,0.01896694116294384,0.0302925705909729,0.050684135407209396,0.06848488003015518,0.0851159542798996,0.09017132967710495,0.05823570117354393,0.049581728875637054,5.486416193889454e-05,7.897407340351492e-05,0.00012654263991862535,0.00015492716920562088,6.342044071061537e-05,1.8003536752075888e-05,6.642099469900131e-05,2.34204107982805e-05,0.00010431917326059192,4.2389070586068556e-05,0.05651158466935158,0.05623073875904083,0.00020927393052261323,4.765072662848979e-05,0.0005093723884783685,0.0001872029242804274,8.299058390548453e-05,0.00022530370915774256,0.00045041312114335597,0.00014975164958741516,0.0001346673525404185,0.0001548172440379858,0.060587719082832336,0.04762481898069382,0.00014417436614166945,0.0006756490911357105,0.0006193961016833782,7.553672912763432e-05,0.00013698203838430345,0.00032699451548978686,0.00010865279182326049,0.0003994050493929535,0.000849054369609803,0.0001733577810227871,0.050478607416152954,0.03796852007508278,0.0006038661231286824,0.00012775431969203055,0.0002774278982542455,0.00013136227789800614,0.0004058178747072816,0.00017521812696941197,0.00023217951820697635,4.410783731145784e-05,0.00013169115118216723,0.0004463236255105585,0.03490791097283363,0.03342173621058464,0.0004747054190374911,5.291733759804629e-05,0.00018642719078343362,0.0006360608385875821,0.000641615130007267,0.00020535146177280694,0.0,0.0,3.674842810141854e-05,0.0002049043687293306,0.014297916553914547,0.026526637375354767,0.0001938244531629607,0.00044728469219990075,9.409480117028579e-05,0.0007211724296212196,0.0002474538632668555,5.5327313020825386e-05,2.492318526492454e-05,3.274524351581931e-05,0.0001942062663147226,0.0001611851912457496,0.007738916203379631,0.028688089922070503,0.00020014513575006276,0.00021376533550210297,0.0003552756388671696,0.0007690266356803477,0.00014709774404764175,0.00022110831923782825,2.6365873054601252e-05,0.00014235987327992916,0.0003136025043204427,8.891439210856333e-05,0.003587422426789999,0.027223601937294006,0.00012601965863723308,0.00011588728375500068,0.0001562121178722009,0.000458422873634845,3.166834358125925e-05,1.9591470845625736e-05,0.00015358757809735835,4.911636278848164e-05,0.0001587822916917503,0.0001530292647657916,0.027891866862773895,0.03645347058773041,6.218056660145521e-05,4.364452252048068e-05,7.102503877831623e-05,0.00062989117577672,8.757178147789091e-05,0.00032884743995964527,0.00039551532245241106,0.00023684259213041514,0.0010310143698006868,0.0001257867697859183,0.058398135006427765,0.044370539486408234,1.6217149095609784e-05,1.2212727597216144e-05,6.393956573447213e-05,0.00010399742313893512,9.606883395463228e-05,3.169440242345445e-05,2.557955122028943e-05,0.00030671051354147494,0.00020895671332255006,0.0001261702855117619,0.07515573501586914,0.0521533228456974,0.09389270097017288,0.09204228967428207,0.083828404545784,0.0606747567653656,0.03426244482398033,0.024160826578736305,0.03403598815202713,0.06026645004749298,0.08752545714378357,0.10561789572238922,0.06632163375616074
0.07948366552591324,0.13371238112449646,0.12019364535808563,0.08427491784095764,0.045057736337184906,0.022927982732653618,0.03678736090660095,0.061321746557950974,0.08209516853094101,0.1013711541891098,0.10701961815357208,0.06928281486034393,0.058883387595415115,4.880053165834397e-05,7.420517067657784e-05,0.0001106778800021857,0.00014385244867298752,5.583409802056849e-05,1.7205573385581374e-05,5.371321094571613e-05,2.205315286119003e-05,8.759018237469718e-05,3.938877853215672e-05,0.0675947442650795,0.06709405779838562,0.00018544498016126454,2.7855243388330564e-05,0.0004235489177517593,0.00015737061039544642,7.216012454591691e-05,0.00019414254347793758,0.00038172106724232435,0.0001354941923636943,0.00011612185335252434,0.00014949416799936444,0.07227057963609695,0.05682452395558357,0.00017707252118270844,0.0005064060096628964,0.0005146738840267062,5.503396096173674e-05,0.00011453311890363693,0.00026725753559730947,0.00011015223572030663,0.0003394893428776413,0.0006579427281394601,0.00019076403987128288,0.06002127006649971,0.04424934834241867,0.0007099190261214972,0.00033554897527210414,0.00028148829005658627,6.243084499146789e-05,0.0003538548480719328,0.000160138079081662,0.0001935864274855703,3.832260335911997e-05,0.000144012228702195,0.000480586284538731,0.04112301021814346,0.03862098231911659,0.0005421333480626345,0.0003030602238141,0.00014405000547412783,0.0004156753420829773,0.0004336669226177037,0.00025295166415162385,0.0,0.0,0.00014939949323888868,0.00022522696235682815,0.017031783238053322,0.03163018450140953,0.00022351382358465344,0.0002960788260679692,7.703248411417007e-05,0.0011143211741000414,0.0007178420783020556,4.808521771337837e-05,2.4312917958013713e-05,2.9332742997212335e-05,0.00019590998999774456,0.0001593001070432365,0.009241691790521145,0.03411706164479256,0.00018143629131373018,0.00018943693430628628,0.00028834823751822114,0.0005605226033367217,8.852151950122789e-05,0.00018165250367019325,2.542228321544826e-05,0.00014372800069395453,0.00031883729388937354,0.0001672737707849592,0.0030276814941316843,0.03234154358506203,0.0001082208618754521,9.320308163296431e-05,0.00014983165601734072,0.000375052128219977,5.1486873417161405e-05,4.9907273933058605e-05,0.00019397411961108446,4.3305983126629144e-05,6.910568481544033e-05,0.00015525611524935812,0.03296687826514244,0.04378703981637955,5.181658343644813e-05,3.5702854802366346e-05,7.087494304869324e-05,0.0005174937541596591,7.160157838370651e-05,0.0002794272149913013,0.00035508067230693996,0.00017048271547537297,0.0008220297750085592,0.0001476118923164904,0.06989089399576187,0.05312768742442131,1.326284200331429e-05,8.65603124111658e-06,6.253699393710122e-05,9.319329546997324e-05,8.864344999892637e-05,2.979017335746903e-05,2.934593430836685e-05,0.00029376454767771065,0.00019347040506545454,0.00012923382746521384,0.08932098746299744,0.0621219202876091,0.11175591498613358,0.10922125726938248,0.09942224621772766,0.07247597724199295,0.041216280311346054,0.029573701322078705,0.041250500828027725,0.07146050035953522,0.10380528122186661,0.12544815242290497,0.0785473883152008
0.09060440957546234,0.1522296965122223,0.13723410665988922,0.09681335836648941,0.052155300974845886,0.026650186628103256,0.042947690933942795,0.07135625928640366,0.09474301338195801,0.11632281541824341,0.1224273294210434,0.07943417131900787,0.06748632341623306,4.412436828715727e-05,7.052280125208199e-05,9.876839612843469e-05,0.00013577249774243683,5.073427382740192e-05,1.6548714484088123e-05,4.49811814178247e-05,2.0133074940531515e-05,7.588407606817782e-05,3.667995770229027e-05,0.0779193639755249,0.07728925347328186,0.00016326307377312332,1.1492192243167665e-05,0.00035060287336818874,0.0001342084287898615,6.432103691622615e-05,0.0001715085527393967,0.0003370142076164484,0.00012516611604951322,0.00010236914386041462,0.00014368409756571054,0.08314839005470276,0.06548193842172623,0.00024974142434075475,0.0003436043916735798,0.0004339195729698986,4.4375115976436064e-05,9.667981066741049e-05,0.0002219450834672898,0.00011991152132395655,0.0002984582388307899,0.0004924127133563161,0.0002239749301224947,0.06885526329278946,0.049528468400239944,0.0010268731275573373,0.0009070913656614721,0.0003090913814958185,0.0001038967166095972,0.0003877217823173851,0.00017847458366304636,0.00016887381207197905,3.30062466673553e-05,0.000385177118005231,0.0005936321686021984,0.046601757407188416,0.0427963025867939,0.0007721190340816975,0.0007932325825095177,0.0001366136275464669,0.00010058883344754577,0.00012616493040695786,0.00043116111191920936,0.0,0.0,0.00034136357135139406,0.0002870280295610428,0.01942831091582775,0.036392852663993835,0.0003087336372118443,0.00014556448149960488,6.598085019504651e-05,0.002160791540518403,0.0018028586637228727,4.341899693827145e-05,2.3408070774166845e-05,2.6692130632000044e-05,0.00022769396309740841,0.00016710037016309798,0.01063466165214777,0.03909222036600113,0.00016282145224977285,0.0001683230366325006,0.0002390667359577492,0.0003322998818475753,5.183961911825463e-05,0.00016329287609551102,2.426278661005199e-05,0.0001439164625480771,0.00034020881867036223,0.00030193530255928636,0.0018782159313559532,0.037027329206466675,9.352232882520184e-05,7.749942597001791e-05,0.0001519834331702441,0.00030605372739955783,9.03790642041713e-05,8.352818986168131e-05,0.0002658398007042706,3.8113579648779705e-05,6.578744068974629e-05,0.00018721783999353647,0.03760930895805359,0.0506625771522522,4.3942778575001284e-05,2.933605355792679e-05,7.410698162857443e-05,0.0004303393652662635,5.895306821912527e-05,0.00024386998848058283,0.00033430804614908993,0.00011587478365981951,0.000640407670289278,0.0001810086250770837,0.080662801861763,0.06128757819533348,1.096138839784544e-05,5.925860932620708e-06,6.129417306510732e-05,8.52701414260082e-05,8.313837315654382e-05,2.8602977181435563e-05,3.466480120550841e-05,0.00029248555074445903,0.00018307329446543008,0.00013105063408147544,0.10235901176929474,0.07131578028202057,0.12818339467048645,0.12495017796754837,0.11371821910142899,0.0834270715713501,0.04770369827747345,0.03469705209136009,0.04800974577665329,0.08167976886034012,0.11872104555368423,0.14362560212612152,0.08968592435121536
0.10088912397623062,0.1692773848772049,0.1530561000108719,0.1086132824420929,0.0589255690574646,0.03023673966526985,0.048950809985399246,0.08103843778371811,0.10673301666975021,0.1303117871284485,0.1367301493883133,0.0889296755194664,0.07561535388231277,4.06428735004738e-05,6.844705785624683e-05,9.153809514828026e-05,0.00013277011748868972,4.849248944083229e-05,1.6342914022970945e-05,3.980163091910072e-05,1.8418753825244494e-05,6.826492608524859e-05,3.4462187613826245e-05,0.0877612829208374,0.0871097669005394,0.00014343844668474048,7.201354492281098e-06,0.00029689123039133847,0.0001185765941045247,5.9843878261744976e-05,0.00015828116738703102,0.0003137243038509041,0.00011983878357568756,9.233279706677422e-05,0.00013971772568766028,0.0935262143611908,0.07385801523923874,0.0004186650912743062,0.00023324113863054663,0.00037552107824012637,6.693055183859542e-05,8.535959204891697e-05,0.0001879625633591786,0.00014176232798490673,0.0002744954836089164,0.000326273642713204,0.00029559509130194783,0.07722292095422745,0.05374227091670036,0.0017384726088494062,0.0020009041763842106,0.0003715473576448858,0.00021987092623021454,0.0006018197163939476,0.00022754192468710244,0.00015576604346279055,2.9220336728030816e-05,0.000843192683532834,0.0008580589201301336,0.051386069506406784,0.0458756685256958,0.0013174706837162375,0.0017257423605769873,0.00017420352378394455,0.0004719382559414953,0.0007150055025704205,0.0008221035241149366,0.0,0.0,0.0006842624279670417,0.00043494754936546087,0.021453438326716423,0.04099315032362938,0.0005274575669318438,0.0002781767398118973,6.0901802498847246e-05,0.004065896850079298,0.003706565825268626,4.274615639587864e-05,2.252054400742054e-05,2.4929024220909923e-05,0.00032883582753129303,0.00018336471111979336,0.011896098963916302,0.043805934488773346,0.00014495283539872617,0.00015201032510958612,0.0002055045188171789,0.00011574084783205763,0.00013249438779894263,0.00018025578174274415,2.3189306375570595e-05,0.0001445293746655807,0.0003882799646817148,0.0005398942739702761,7.265264866873622e-05,0.04147379472851753,8.158480341080576e-05,6.797019887017086e-05,0.00017321119958069175,0.0002423845580779016,0.00015926880587358028,0.00012357351079117507,0.0004047844558954239,3.3591237297514454e-05,0.0002449835592415184,0.0002635446726344526,0.041970156133174896,0.05728333815932274,3.8280373701127246e-05,2.4142169422702864e-05,8.37944244267419e-05,0.0003668871067930013,4.96924840263091e-05,0.0002227437507826835,0.00035129731986671686,8.482463454129174e-05,0.00046617246698588133,0.000240027773543261,0.09095615148544312,0.06906528770923615,9.153787686955184e-06,3.7104866805748316e-06,6.136472075013444e-05,8.099584374576807e-05,8.050634642131627e-05,2.8313750590314157e-05,4.237935718265362e-05,0.00031112536089494824,0.00018023299344349653,0.00013390296953730285,0.11460207402706146,0.07997648417949677,0.143597811460495,0.13966086506843567,0.1271074414253235,0.09380072355270386,0.05387859418988228,0.03963905945420265,0.054461244493722916,0.09118213504552841,0.13261820375919342,0.16053079068660736,0.09999991953372955
0.1106652244925499,0.18538804352283478,0.16815243661403656,0.12002908438444138,0.06556820869445801,0.033829085528850555,0.055041223764419556,0.09070394933223724,0.11844239383935928,0.14373454451560974,0.1503029763698578,0.09804998338222504,0.08353972434997559,3.8435147871496156e-05,6.934570410521701e-05,8.973463263828307e-05,0.00013770726218353957,4.9992220738204196e-05,1.691891156951897e-05,3.8213413063203916e-05,1.7185722754220478e-05,6.485337507911026e-05,3.3077150874305516e-05,0.09746766090393066,0.09693270921707153,0.00012560757750179619,2.5501933123450726e-05,0.0002568931959103793,0.00011093262583017349,5.961711940472014e-05,0.0001551020104670897,0.0003151443670503795,0.00012145456275902689,8.586233161622658e-05,0.00014029438898433,0.10378557443618774,0.08232134580612183,0.0007477537146769464,0.000440469040768221,0.00034008832881227136,0.00012390139454510063,7.945969264255837e-05,0.00016101222718134522,0.00018881216237787157,0.00027009795303456485,0.00012821110431104898,0.0004441210185177624,0.08542383462190628,0.05670802667737007,0.002950777532532811,0.0037821552250534296,0.0005064998986199498,0.0004219555703457445,0.001111291814595461,0.0003353497595526278,0.00015586812514811754,2.787842277029995e-05,0.0016495374729856849,0.001377772307023406,0.05545907840132713,0.04764997586607933,0.0023213133681565523,0.003326449077576399,0.00028165028197690845,0.0012080041924491525,0.0014690263196825981,0.0016009765677154064,0.0,0.0,0.001298976712860167,0.0007397758890874684,0.023017019033432007,0.045673586428165436,0.000998886302113533,0.0007769369403831661,6.367398600559682e-05,0.005926224868744612,0.005603418219834566,4.6059642045293e-05,2.1961070160614327e-05,2.4239509002654813e-05,0.000549481192138046,0.00020365623640827835,0.0129558015614748,0.04851476475596428,0.00012962018081452698,0.00014402200758922845,0.00018408083997201174,0.0001290416985284537,0.0002202410832978785,0.00025671024923212826,2.2505881133838557e-05,0.0001477234036428854,0.0004809894599020481,0.0009464820614084601,0.0025645820423960686,0.04593648761510849,7.257359538925812e-05,6.430727808037773e-05,0.00022749582421965897,0.0001716262922855094,0.0002969543857034296,0.0001917453046189621,0.0006887614727020264,2.9806749807903543e-05,0.000542153138667345,0.00040816355613060296,0.04623028635978699,0.06390959769487381,3.474817276583053e-05,2.0010649677715264e-05,0.00010458046017447487,0.00032116493093781173,4.291903678677045e-05,0.00024777601356618106,0.00043565750820562243,0.000130513304611668,0.0002696329029276967,0.00035189324989914894,0.10106293112039566,0.07672618329524994,7.862086022214498e-06,2.616066467453493e-06,6.418000702979043e-05,8.169683133019134e-05,8.244953642133623e-05,2.9725733838859014e-05,5.65470072615426e-05,0.0003662222879938781,0.00018952254322357476,0.00014083931455388665,0.12644270062446594,0.08839402347803116,0.15850378572940826,0.15385155379772186,0.1400366872549057,0.10393452644348145,0.05994727835059166,0.04457425698637962,0.06081738695502281,0.10025905817747116,0.14588207006454468,0.17658774554729462,0.1097850427031517
0.120271697640419,0.20112058520317078,0.18303735554218292,0.1314447969198227,0.07230545580387115,0.03754312917590141,0.06142186000943184,0.1006641611456871,0.13024620711803436,0.15701644122600555,0.1635650396347046,0.10709240287542343,0.09156723320484161,3.749648749362677e-05,7.435821316903457e-05,9.40159588935785e-05,0.0001534867042209953,5.590442378888838e-05,1.877487011370249e-05,3.944480704376474e-05,1.7133908841060475e-05,6.549148383783177e-05,3.3223357604583725e-05,0.1073833703994751,0.10714874416589737,0.00010934450983768329,5.333452645572834e-05,0.00021770974854007363,0.00011196351988473907,6.341680273180827e-05,0.0001575875940034166,0.00033533244277350605,0.0001312781823799014,8.417965000262484e-05,0.00014885961718391627,0.11432390660047531,0.09132107347249985,0.0012825449230149388,0.0009295480558648705,0.0003345442237332463,0.00022191341849975288,7.660743722226471e-05,0.0001366489741485566,0.00027614168357104063,0.0002838510845322162,0.00015419507690239698,0.0007250402122735977,0.0937899649143219,0.05823572725057602,0.0043055275455117226,0.005893283989280462,0.0007571766036562622,0.0007553326431661844,0.0020148686598986387,0.0004216452070977539,0.00016744612366892397,3.103365088463761e-05,0.00293472851626575,0.002221848117187619,0.05869872868061066,0.047847989946603775,0.0036397180519998074,0.005471189506351948,0.0004777299182023853,0.001904223347082734,0.0019353049574419856,0.002770025748759508,0.0,0.0,0.002327938796952367,0.0012773132184520364,0.02394111081957817,0.050646379590034485,0.0018585188081488013,0.0016504742670804262,7.893049041740596e-05,0.006575312931090593,0.006438742391765118,5.265300569590181e-05,2.195798879256472e-05,2.4899707568692975e-05,0.0009511169628240168,0.00023155576491262764,0.013643762096762657,0.05346459150314331,0.0001255485840374604,0.00015371844347100705,0.00016734536620788276,0.000278910476481542,0.0003169767733197659,0.00045192253310233355,2.2438745872932486e-05,0.00015590687689837068,0.0006475163972936571,0.0015672381268814206,0.006247920915484428,0.05069597065448761,6.662499799858779e-05,6.582831701962277e-05,0.0003307097649667412,6.932939868420362e-05,0.0005910343606956303,0.00029887218261137605,0.001224381965585053,2.6762405468616635e-05,0.0010418947786092758,0.0006598786567337811,0.0505777932703495,0.07079077512025833,3.334621578687802e-05,1.7028438378474675e-05,0.00014267546066548675,0.00027871906058862805,3.7539979530265555e-05,0.0003677363274618983,0.0006282975082285702,0.000287509523332119,8.194723704946227e-06,0.0005688993842341006,0.11129766702651978,0.08452771604061127,7.3317255555593874e-06,4.301463832234731e-06,7.057617767713964e-05,8.836781489662826e-05,9.10992530407384e-05,3.3847809390863404e-05,8.426574640907347e-05,0.0004897579783573747,0.00021867667965125293,0.00015573465498164296,0.13829241693019867,0.09685488045215607,0.17340578138828278,0.16799607872962952,0.15292754769325256,0.11416783183813095,0.06611333787441254,0.04969053342938423,0.06730299443006516,0.10920944064855576,0.15894010663032532,0.1922798752784729,0.11936477571725845
0.13000382483005524,0.21697169542312622,0.19815479218959808,0.14320078492164612,0.07934805750846863,0.0414518341422081,0.06825088709592819,0.11120651662349701,0.14251919090747833,0.17061570286750793,0.17698878049850464,0.11636168509721756,0.10007834434509277,3.6490637285169214e-05,8.501392585458234e-05,0.00010504497913643718,0.0001835548027884215,6.740805838489905e-05,2.2439453459810466e-05,4.302547313272953e-05,1.881723255792167e-05,7.035884482320398e-05,3.558095340849832e-05,0.11783477663993835,0.11802826076745987,9.282326209358871e-05,0.0001034988381434232,0.00016131476149894297,0.00012352851626928896,7.127031858544797e-05,0.00015916131087578833,0.000366062275134027,0.00015197991160675883,8.995617099571973e-05,0.00017058422963600606,0.12550963461399078,0.10119272023439407,0.0020508954767137766,0.0016376549610868096,0.00037373104714788496,0.0003778706886805594,7.555707998108119e-05,0.00017038676014635712,0.0004382938495837152,0.00031293503707274795,0.0005912610795348883,0.0012142864288762212,0.10267061740159988,0.058438170701265335,0.005129124503582716,0.007555200252681971,0.001160479267127812,0.0012486425694078207,0.003188526723533869,0.00032614663359709084,0.00019504640658851713,4.174454079475254e-05,0.004635230638086796,0.003265174338594079,0.060888975858688354,0.046430062502622604,0.0047315810807049274,0.007446265313774347,0.0007695452659390867,0.0026487631257623434,0.002364259446039796,0.003835732815787196,0.0,0.0,0.0038092622999101877,0.0020416059996932745,0.023978428915143013,0.055846504867076874,0.003103865310549736,0.002949146321043372,0.0001148125811596401,0.006659744773060083,0.006827158387750387,6.195165769895539e-05,2.2518617697642185e-05,2.7227693863096647e-05,0.001593092456459999,0.0003441952576395124,0.013650890439748764,0.058779824525117874,0.00016144219262059778,0.0002049062168225646,0.00014194351388141513,0.0004930043360218406,0.0005345018580555916,0.0008913694182410836,2.3003716705716215e-05,0.00017136237875092775,0.0009356437949463725,0.002322742249816656,0.0111810602247715,0.05608752369880676,6.20373320998624e-05,7.189287134679034e-05,0.0005168162751942873,0.00015915486437734216,0.0012214882299304008,0.00039511104114353657,0.002036480000242591,2.455111280141864e-05,0.0018730885349214077,0.0010706044267863035,0.05514483153820038,0.07815954089164734,3.380480484338477e-05,1.4538459254254121e-05,0.0002108468470396474,0.00021479485440067947,3.2032527087721974e-05,0.0005981879075989127,0.0009261291124857962,0.000630593451205641,0.00047256663674488664,0.000992417335510254,0.12198186665773392,0.09271860122680664,7.508863291150192e-06,7.344764071604004e-06,8.070696640061215e-05,0.00010214717622147873,0.00010974374163197353,4.215658555040136e-05,0.00014100768021307886,0.0007528088754042983,0.00028322567231953144,0.00018426963652018458,0.15056835114955902,0.10559289902448654,0.1887052357196808,0.1824558675289154,0.16610538959503174,0.12478981167078018,0.07254916429519653,0.055189311504364014,0.07416460663080215,0.11835580319166183,0.17227575182914734,0.20815476775169373,0.12909303605556488
0.14007514715194702,0.23329749703407288,0.2138122171163559,0.15554513037204742,0.086881622672081,0.045619796961545944,0.07571759819984436,0.12266971170902252,0.1556715965270996,0.18502376973628998,0.19108721613883972,0.12616519629955292,0.10954996943473816,3.261983147240244e-05,0.00010470160486875102,0.00012523283658083528,0.00023432244779542089,8.781906217336655e-05,2.8685091820079833e-05,4.963700121152215e-05,2.2309626729111187e-05,8.045703725656494e-05,4.008126779808663e-05,0.12918557226657867,0.12969990074634552,6.998713797656819e-05,0.00020772626157850027,6.178554758662358e-05,0.00015327651635743678,8.521826384821907e-05,0.00015929178334772587,0.00040121524943970144,0.00018847982573788613,0.00010840615868801251,0.00021299556829035282,0.1376439929008484,0.11189664155244827,0.0030169126112014055,0.002550637349486351,0.00047027578693814576,0.0006208874401636422,7.936183828860521e-05,0.0004309469077270478,0.0007738771382719278,0.00035328161902725697,0.0013058583717793226,0.0020292687695473433,0.11236914247274399,0.05779020115733147,0.005382174160331488,0.008568578399717808,0.0017310369294136763,0.0018882094882428646,0.004471843596547842,0.0006158322794362903,0.00026686149067245424,6.526971992570907e-05,0.006450704298913479,0.004171646665781736,0.061820246279239655,0.0438200868666172,0.005320648197084665,0.008665427565574646,0.0011457583168521523,0.003342076437547803,0.002784616779536009,0.00455488683655858,0.0,0.0,0.0055180927738547325,0.0028532438445836306,0.022945189848542213,0.060829464346170425,0.004375815391540527,0.004436113405972719,0.0001863893703557551,0.006705318111926317,0.007203719113022089,7.351110252784565e-05,2.3160655473475344e-05,3.129472679574974e-05,0.0024767613504081964,0.0006346403388306499,0.012590783648192883,0.06443929672241211,0.00027092613163404167,0.0003350450424477458,8.176329720299691e-05,0.0008402703097090125,0.0009486580966040492,0.0017875040648505092,2.374293762841262e-05,0.00019464075739961118,0.0014194498071447015,0.0029016509652137756,0.01728234998881817,0.06250937283039093,5.599609357886948e-05,8.394758333452046e-05,0.0008769710548222065,0.0005907705053687096,0.0024573092814534903,0.00035282314638607204,0.0029515160713344812,2.352874435018748e-05,0.0031826102640479803,0.0016840063035488129,0.059868182986974716,0.08626706898212433,3.605096571845934e-05,1.1857205208798405e-05,0.0003388916957192123,8.808042184682563e-05,3.1379193387692794e-05,0.0008931780466809869,0.0012119126040488482,0.0013745150063186884,0.0013184896670281887,0.0017983837751671672,0.1334245502948761,0.10156738013029099,8.167859050445259e-06,1.0954096069326624e-05,9.44964776863344e-05,0.00012543589400593191,0.00014488116721622646,5.637990398099646e-05,0.00026050087762996554,0.0013102415250614285,0.0004147067666053772,0.00023611687356606126,0.16370785236358643,0.11477405577898026,0.20464833080768585,0.19745482504367828,0.1797877699136734,0.13602852821350098,0.07940812408924103,0.061340492218732834,0.0817265436053276,0.1280747503042221,0.18641397356987,0.22477996349334717,0.1393543779850006
0.1506345272064209,0.2503366768360138,0.23020929098129272,0.16865497827529907,0.09506992250680923,0.050109706819057465,0.08404552936553955,0.1354425549507141,0.1701216995716095,0.20072253048419952,0.20637331902980804,0.13679392635822296,0.12047717720270157,2.8345959435682744e-05,0.00014147156616672873,0.00016440160106867552,0.00031958657200448215,0.0001244075538124889,3.8926413253648207e-05,6.0573765949811786e-05,2.7839274480356835e-05,9.782000415725634e-05,4.5244578359415755e-05,0.14189380407333374,0.142303004860878,3.533272320055403e-05,0.0004439984040800482,0.00019469567632768303,0.00022491773415822536,0.00011106659803772345,0.00022885686485096812,0.00043182456283830106,0.0002465845027472824,0.00015528932271990925,0.00028914774884469807,0.1509358137845993,0.12308499962091446,0.0039642369374632835,0.0035433638840913773,0.000624659180175513,0.0009956498397514224,9.551812399877235e-05,0.0011432507308200002,0.0015081530436873436,0.00039184975321404636,0.002487028017640114,0.0033281524665653706,0.12297359108924866,0.05671503394842148,0.005428602918982506,0.009150105528533459,0.002435744972899556,0.002603373723104596,0.005712130106985569,0.0013525678077712655,0.00047054141759872437,0.00011258452286710963,0.00819888710975647,0.004770630970597267,0.06137226149439812,0.04066527634859085,0.005618450231850147,0.009195276536047459,0.0015842074062675238,0.0038530866149812937,0.00309750740416348,0.005051327403634787,0.0,0.0,0.007102163042873144,0.0034987153485417366,0.020937219262123108,0.06513329595327377,0.005195127800107002,0.0056968191638588905,0.00032899065990932286,0.0069778431206941605,0.007744824048131704,8.484761201543733e-05,2.2929749320610426e-05,3.6449619074119255e-05,0.003540125908330083,0.0010289220372214913,0.010212372988462448,0.07038409262895584,0.0004622671694960445,0.0005721713532693684,7.738116983091459e-05,0.001367427408695221,0.0014826474944129586,0.003245814237743616,2.3734090063953772e-05,0.00022291151981335133,0.0022027213126420975,0.0028829420916736126,0.024040959775447845,0.07027719169855118,5.251561742625199e-05,0.00010845746874110773,0.0015838040271773934,0.0014947094023227692,0.004260529763996601,0.0002990129869431257,0.003830727655440569,2.4212142307078466e-05,0.005043547600507736,0.002497749635949731,0.06435147672891617,0.09538912773132324,4.0613380406284705e-05,1.0200968972640112e-05,0.000581279513426125,0.00017679817392490804,7.004821236478165e-05,0.0012436520773917437,0.0013366049388423562,0.0028925067745149136,0.002782226074486971,0.0031833741813898087,0.1458730250597,0.11134929955005646,9.736256288306322e-06,1.4730300790688489e-05,0.00011248412192799151,0.0001639729307498783,0.0002111144276568666,7.767570787109435e-05,0.0004998494987376034,0.002420642413198948,0.000662042701151222,0.0003284215636085719,0.17817766964435577,0.12450702488422394,0.2213381975889206,0.2131062150001526,0.19411632418632507,0.14806406199932098,0.08683695644140244,0.06851259618997574,0.09040467441082001,0.1387842446565628,0.20186243951320648,0.24267177283763885,0.15055705606937408
0.16180476546287537,0.26828914880752563,0.24751536548137665,0.18270252645015717,0.10409193485975266,0.05499356612563133,0.09353017807006836,0.15000729262828827,0.18632204830646515,0.21819472312927246,0.22336649894714355,0.1485469937324524,0.13327807188034058,4.4140757381683215e-05,0.00022058705508243293,0.00025757591356523335,0.0004696391988545656,0.00019404571503400803,5.589736611000262e-05,7.872007699916139e-05,3.769328031921759e-05,0.00012699258513748646,4.819945388589986e-05,0.15658196806907654,0.15608534216880798,2.537959699111525e-05,0.001004279707558453,0.0008015078492462635,0.00039347531856037676,0.00016641679394524544,0.0005596279515884817,0.00047261145664379,0.00033595255808904767,0.0002750043058767915,0.0004325983172748238,0.16561372578144073,0.13445216417312622,0.004650729242712259,0.004447184968739748,0.0008180703734979033,0.0015518469735980034,0.00016045125084929168,0.0027498716954141855,0.002976516028866172,0.00039296524482779205,0.0043340702541172504,0.005177609156817198,0.1342373490333557,0.055367544293403625,0.005447139497846365,0.009462757967412472,0.003214655676856637,0.003300524316728115,0.006832361686974764,0.0022327168844640255,0.001034811488352716,0.00020991575729567558,0.009977100417017937,0.005260219797492027,0.05946711078286171,0.03749244660139084,0.00579288974404335,0.009339991956949234,0.0020643100142478943,0.004292838275432587,0.0033619848545640707,0.005480825435370207,0.0,0.0,0.008481564000248909,0.004008163698017597,0.01842186599969864,0.06866145133972168,0.005471591837704182,0.0065263365395367146,0.0006299698143266141,0.0075987824238836765,0.008578536100685596,9.225941175827757e-05,2.1281435692799278e-05,4.130703746341169e-05,0.004809395410120487,0.0014757405733689666,0.006598320789635181,0.07656968384981155,0.0007176277576945722,0.0009109200327657163,0.0003934983105864376,0.002104325918480754,0.0019333439413458109,0.005006441846489906,2.2427937437896617e-05,0.00025269092293456197,0.0034166593104600906,0.0020431375596672297,0.03071124106645584,0.07955557107925415,6.770456820959225e-05,0.00015954364789649844,0.002841029781848192,0.00317041645757854,0.005998050794005394,0.0005338885821402073,0.004782588221132755,2.6384353986941278e-05,0.0073507013730704784,0.0034849345684051514,0.06799335777759552,0.10587900876998901,4.764151890412904e-05,1.1912599802599289e-05,0.0010128207504749298,0.0006589083350263536,0.00019962240185122937,0.0017684221966192126,0.0012170240515843034,0.0054086181335151196,0.004910978954285383,0.005102145951241255,0.15951965749263763,0.12238876521587372,1.3287661204230972e-05,1.784048436093144e-05,0.00013872129784431309,0.00023350973788183182,0.0003466119815129787,0.00010673140786821023,0.0009026113548316061,0.004233315587043762,0.0010464187944307923,0.00048631682875566185,0.19452539086341858,0.1348961591720581,0.23881904780864716,0.22950603067874908,0.20925693213939667,0.16110706329345703,0.09501583874225616,0.07718557119369507,0.10070371627807617,0.15093660354614258,0.21909405291080475,0.26230588555336,0.1631469875574112
0.1737014204263687,0.287375807762146,0.26592767238616943,0.19793416559696198,0.11422111839056015,0.060379479080438614,0.10461075603961945,0.16700352728366852,0.20480641722679138,0.23794688284397125,0.24261413514614105,0.16177187860012054,0.14826612174510956,8.586423064116389e-05,0.0004049521521665156,0.0004917599726468325,0.000747518555726856,0.00033770754816941917,8.41873261379078e-05,0.00010890353587456048,6.253635365283117e-05,0.0001773440308170393,4.6110537368804216e-05,0.17404991388320923,0.1713440716266632,9.889671491691843e-05,0.0022983732633292675,0.002283357549458742,0.0007670223130844533,0.00030059737036935985,0.0011564730666577816,0.0005552329239435494,0.0004684524901676923,0.0005509860930033028,0.0007123480900190771,0.18210789561271667,0.1459641456604004,0.005022027064114809,0.005162734072655439,0.0010154977208003402,0.002304568188264966,0.0003710574528668076,0.005602428689599037,0.005014315713196993,0.000259539985563606,0.006943094078451395,0.007378277834504843,0.14564567804336548,0.05382366478443146,0.005505102686583996,0.009677369147539139,0.004030524753034115,0.003943203948438168,0.007979451678693295,0.003353176638484001,0.002441681455820799,0.00042708293767645955,0.011874294839799404,0.005913195200264454,0.05600881949067116,0.034666918218135834,0.005942361894994974,0.009396000765264034,0.002583586610853672,0.004844284150749445,0.0036787018179893494,0.006077527534216642,0.0,0.0,0.00982307456433773,0.004571250639855862,0.01608082838356495,0.0716836228966713,0.005415461957454681,0.006910556461662054,0.0012759959790855646,0.008663473650813103,0.009877990931272507,9.4114504463505e-05,1.857622009993065e-05,4.452042776392773e-05,0.006432082504034042,0.0021108100190758705,0.0021058034617453814,0.08293487876653671,0.0009751435136422515,0.0012655516620725393,0.0009587694657966495,0.0031299965921789408,0.002389928326010704,0.006798352114856243,2.0097340893698856e-05,0.0002824979310389608,0.005171460565179586,0.00042509252671152353,0.03663419932126999,0.09044402837753296,0.00010671939526218921,0.0002584471076261252,0.0046060336753726006,0.005614024121314287,0.007438214495778084,0.0007567605352960527,0.005959864240139723,2.8017051590722986e-05,0.009868047200143337,0.004679577425122261,0.07033032178878784,0.1182033121585846,5.74650512135122e-05,1.680830064287875e-05,0.001699480228126049,0.0014318405883386731,0.0005574235110543668,0.002715250477194786,0.0007616745424456894,0.008293011225759983,0.00731886550784111,0.007062123157083988,0.1746082901954651,0.13511018455028534,1.9863582565449178e-05,1.961389534699265e-05,0.0001873514847829938,0.0003758307721000165,0.0006560286274179816,0.00014191247464623302,0.0014171985676512122,0.00628295773640275,0.001476977951824665,0.0007286302279680967,0.2134310007095337,0.14610423147678375,0.2571913003921509,0.24683859944343567,0.225505068898201,0.17546404898166656,0.10421387851238251,0.0879104733467102,0.11319440603256226,0.16506198048591614,0.23855696618556976,0.2841563820838928,0.17758962512016296
0.18646986782550812,0.3078916668891907,0.2857193648815155,0.21476320922374725,0.12592275440692902,0.06645102798938751,0.11791045218706131,0.187216117978096,0.22617751359939575,0.2604670822620392,0.2646567225456238,0.17686951160430908,0.1656968593597412,0.00012724040425382555,0.0007341061718761921,0.0009566521621309221,0.0012716669589281082,0.0006578165339305997,0.0001280801952816546,0.0001523016981082037,0.00013604633568320423,0.00026856185286305845,4.276088657206856e-05,0.19519370794296265,0.18829964101314545,0.0002138660493073985,0.0047819958999753,0.005174107849597931,0.0015408428153023124,0.0006427245680242777,0.0018266253173351288,0.0005702628404833376,0.0006251922459341586,0.0010895411251112819,0.001192326657474041,0.20115981996059418,0.157908633351326,0.005165645387023687,0.005566558334976435,0.0013590703019872308,0.003273698268458247,0.0008890234166756272,0.009351858869194984,0.006450100336223841,0.0002816679188981652,0.01018727757036686,0.009494087658822536,0.15662094950675964,0.05231719836592674,0.0056844549253582954,0.009968481957912445,0.004937241785228252,0.004620823543518782,0.00929990690201521,0.004855514969676733,0.005395208485424519,0.0009593999711796641,0.013833015225827694,0.00681820884346962,0.05094452202320099,0.03240424767136574,0.006194441579282284,0.009610828012228012,0.0031836058478802443,0.005655874963849783,0.004126035608351231,0.007075794506818056,0.0,0.0,0.011252961121499538,0.005295946728438139,0.01451196987181902,0.07465344667434692,0.005255604162812233,0.006882504094392061,0.002559737069532275,0.010301215574145317,0.011853691190481186,9.368734754389152e-05,1.5308640286093578e-05,4.6098604798316956e-05,0.008479484356939793,0.003111629979684949,0.002874363213777542,0.08946072310209274,0.0011207273928448558,0.0014308270765468478,0.0017957006348297,0.0045074340887367725,0.0030585213098675013,0.008599460124969482,1.712532866804395e-05,0.00031012555700726807,0.007441049907356501,0.0019818588625639677,0.04146938771009445,0.10305222123861313,0.00015541966422460973,0.0004339379956945777,0.006436360999941826,0.008266694843769073,0.00883274246007204,0.0008688837406225502,0.007632022723555565,2.6821038773050532e-05,0.01244398858398199,0.006127525586634874,0.07112289220094681,0.13289371132850647,7.370631647063419e-05,2.564030364737846e-05,0.0027303656097501516,0.002619106089696288,0.0015353747876361012,0.004576874431222677,0.00024281415971927345,0.010746830143034458,0.009600420482456684,0.008623740635812283,0.19152940809726715,0.1500021517276764,3.0701605282956734e-05,2.226549622719176e-05,0.0002921207924373448,0.0006937317084521055,0.0014107803581282496,0.00017526558076497167,0.002031639451161027,0.007936043664813042,0.0018836557865142822,0.0010533942840993404,0.23572805523872375,0.15837645530700684,0.2766750752925873,0.26541629433631897,0.24329780042171478,0.19148416817188263,0.11484482139348984,0.10129906982183456,0.1285593956708908,0.18189860880374908,0.26067832112312317,0.3086566925048828,0.19433711469173431
0.2004641443490982,0.33031439781188965,0.3073420226573944,0.23382793366909027,0.13982124626636505,0.07347792387008667,0.13429740071296692,0.21162334084510803,0.251177042722702,0.28627073764801025,0.29004764556884766,0.19434206187725067,0.18592795729637146,0.00010106628178618848,0.000984381651505828,0.00154029147233814,0.002251607598736882,0.0014299476752057672,0.00018795010691974312,0.00020207453053444624,0.00035717550781555474,0.00045928003964945674,5.9052021242678165e-05,0.2210259586572647,0.2070610225200653,0.0004026854585390538,0.007926175370812416,0.008736944757401943,0.003052046289667487,0.0015433209482580423,0.002836458384990692,0.0006383896106854081,0.000661450729239732,0.0020451482851058245,0.0018125055357813835,0.2238696664571762,0.17091965675354004,0.005231183487921953,0.005407658871263266,0.0024118705186992884,0.004608740098774433,0.001921066315844655,0.013663552701473236,0.007629925850778818,0.0016619444359093904,0.013624775223433971,0.011120843701064587,0.16675826907157898,0.05123649537563324,0.006122141610831022,0.010548830963671207,0.006114226765930653,0.005536862649023533,0.010952077805995941,0.006680435501039028,0.01006327848881483,0.002246224321424961,0.01586633361876011,0.007953242398798466,0.044407617300748825,0.030707623809576035,0.006728448439389467,0.010233012028038502,0.003977215848863125,0.006888845469802618,0.0047853379510343075,0.008777675218880177,0.0,0.0,0.01289420947432518,0.006202979478985071,0.013953183777630329,0.07808773964643478,0.005185275338590145,0.00655860872939229,0.004683023784309626,0.012723690830171108,0.014804136008024216,9.715473424876109e-05,1.189161412185058e-05,4.8764013627078384e-05,0.010937143117189407,0.004524809308350086,0.007908757776021957,0.09645071625709534,0.0010302471928298473,0.0011658052681013942,0.0029356922022998333,0.006329673808068037,0.004027884919196367,0.010713295079767704,1.3886496162740514e-05,0.00033540913136675954,0.010099041275680065,0.004695530980825424,0.0452338382601738,0.11762455850839615,0.00018443947192281485,0.0007313098758459091,0.00817650742828846,0.010923522524535656,0.010516747832298279,0.0009564535575918853,0.010083148255944252,2.4177570594474673e-05,0.015145228244364262,0.007837185636162758,0.0702834352850914,0.15054690837860107,0.00010775787086458877,4.3590625864453614e-05,0.004359192680567503,0.004641005769371986,0.003901237156242132,0.007963895797729492,0.0021949834190309048,0.013158777728676796,0.01175634004175663,0.009843256324529648,0.2108505517244339,0.16766031086444855,4.840594920096919e-05,3.2718508009565994e-05,0.0005213199183344841,0.0013781677698716521,0.0031404413748532534,0.00019030120165552944,0.003064102726057172,0.009306714870035648,0.0023643076419830322,0.0014344648225232959,0.2625351846218109,0.17205177247524261,0.29761025309562683,0.2856716811656952,0.2631985545158386,0.20951682329177856,0.1275736540555954,0.11819792538881302,0.14775004982948303,0.20252041518688202,0.28593701124191284,0.3362603187561035,0.21392722427845
0.21656569838523865,0.3554554879665375,0.3316023647785187,0.2560083568096161,0.1564522385597229,0.08170948922634125,0.15518803894519806,0.24180735647678375,0.280966579914093,0.3160920739173889,0.31948122382164,0.2149202525615692,0.2097567915916443,9.503114415565506e-05,0.0009097635629586875,0.002120083197951317,0.0040541538037359715,0.0034059789031744003,0.0002615224220789969,0.00025937819737009704,0.001086374744772911,0.0009681234951131046,0.0001069944046321325,0.2530200481414795,0.22782671451568604,0.000711591390427202,0.010515819303691387,0.011688130907714367,0.0058862208388745785,0.00396354217082262,0.005009319633245468,0.0016936232568696141,0.0008202409953810275,0.0039013416972011328,0.002396083902567625,0.2517622113227844,0.18592695891857147,0.005387336015701294,0.004342785570770502,0.0046188607811927795,0.006539831403642893,0.0036639422178268433,0.01883564703166485,0.010864044539630413,0.004476791713386774,0.016828572377562523,0.012223569676280022,0.17596155405044556,0.05085984244942665,0.006971077062189579,0.011706343851983547,0.0077639007940888405,0.006976776756346226,0.013353513553738594,0.008810915984213352,0.015280578285455704,0.004709343891590834,0.01826745830476284,0.009435851126909256,0.036862462759017944,0.02933499403297901,0.007760197855532169,0.011546176858246326,0.0051503367722034454,0.008895078673958778,0.005862337537109852,0.01160928700119257,0.0,0.0,0.015015467070043087,0.007362708915024996,0.01429048366844654,0.08249679207801819,0.005388224963098764,0.006199779454618692,0.0075782956555485725,0.0164817962795496,0.01946895942091942,0.00011326756066409871,8.789018465904519e-06,5.730405246140435e-05,0.013916482217609882,0.006338690873235464,0.01264399103820324,0.10489702224731445,0.0006931980606168509,0.0005326333339326084,0.004429134074598551,0.008955346420407295,0.005486016161739826,0.013618630357086658,1.0891969395743217e-05,0.0003647291741799563,0.013195158913731575,0.007656340952962637,0.04816688224673271,0.13474497199058533,0.00017938516975846142,0.0012374252546578646,0.010169031098484993,0.01408029068261385,0.012889589183032513,0.0012018642155453563,0.013135997578501701,2.6126292141270824e-05,0.018296143040060997,0.009916284121572971,0.0678546205163002,0.17194609344005585,0.0001828179374570027,7.912707224022597e-05,0.006876508239656687,0.008044182322919369,0.007844195701181889,0.012807710096240044,0.005509503185749054,0.016420956701040268,0.014022216200828552,0.011032733134925365,0.2334216982126236,0.1890215426683426,7.757903222227469e-05,5.737347237300128e-05,0.0009910034714266658,0.0024704141542315483,0.0059775360859930515,0.00016084576782304794,0.00523103354498744,0.01072556059807539,0.0030496949329972267,0.0018450386123731732,0.2955450415611267,0.1876233071088791,0.32047775387763977,0.3081868588924408,0.28596583008766174,0.2300977110862732,0.14358864724636078,0.13991957902908325,0.1720888763666153,0.22845962643623352,0.3150932192802429,0.3676949143409729,0.23722465336322784
0.2363317757844925,0.3845764100551605,0.3597748279571533,0.2827035188674927,0.17632631957530975,0.09090733528137207,0.18301771581172943,0.2805470824241638,0.3173774480819702,0.3509158790111542,0.3538951575756073,0.23961150646209717,0.23884059488773346,0.0004293152305763215,0.000724147364962846,0.0029113341588526964,0.007014759816229343,0.007861991412937641,0.00033913529478013515,0.0003329102473799139,0.003353938926011324,0.00240390095859766,0.000203052069991827,0.29351866245269775,0.2512592375278473,0.0011391487205401063,0.012347649782896042,0.014544880017638206,0.010612362064421177,0.009742887690663338,0.009597964584827423,0.0048575024120509624,0.005084420554339886,0.00786550436168909,0.0028965072706341743,0.28678902983665466,0.20400582253932953,0.005873687099665403,0.002599770203232765,0.007925285957753658,0.009267563931643963,0.006338045466691256,0.025789503008127213,0.015994669869542122,0.009027967229485512,0.020012082532048225,0.013439054600894451,0.18458783626556396,0.05127394571900368,0.00844515673816204,0.013858888298273087,0.009985913522541523,0.00932229496538639,0.01691317930817604,0.011518157087266445,0.019918035715818405,0.007692221086472273,0.02162023074924946,0.011628322303295135,0.029095236212015152,0.027883613482117653,0.009561261162161827,0.013943108730018139,0.006901033688336611,0.012135925702750683,0.007631252985447645,0.01590394601225853,0.0,0.0,0.01809251867234707,0.009018062613904476,0.015235173515975475,0.08817950636148453,0.006077795289456844,0.0062004579231143,0.011310683563351631,0.022319801151752472,0.026896733790636063,0.00016317558765877038,6.211579602677375e-06,7.565186388092116e-05,0.017798086628317833,0.008683922700583935,0.01681232452392578,0.11636920273303986,0.0002848590665962547,0.001501530292443931,0.006385107524693012,0.01297453511506319,0.007762671448290348,0.017649346962571144,8.448009793937672e-06,0.00040813832310959697,0.017110051587224007,0.011041219346225262,0.05056578665971756,0.1553594022989273,0.00046639476204290986,0.0021439155098050833,0.012548577971756458,0.017969582229852676,0.016157547011971474,0.0016344458563253284,0.01652396097779274,3.73513248632662e-05,0.02248028852045536,0.012643792666494846,0.0638638436794281,0.19817650318145752,0.00034194524050690234,0.00014706040383316576,0.010263262316584587,0.012869595550000668,0.011603291146457195,0.018309377133846283,0.010121379978954792,0.021415390074253082,0.016888612881302834,0.01261893194168806,0.2604716420173645,0.2156369835138321,0.00012586716911755502,0.00010060999920824543,0.0018082930473610759,0.0035488703288137913,0.008622213266789913,7.982977695064619e-05,0.009512675926089287,0.012353302910923958,0.004129796288907528,0.0023049439769238234,0.3372163772583008,0.2058839052915573,0.3460392951965332,0.3338409662246704,0.3126239478588104,0.2543727457523346,0.16492784023284912,0.16799604892730713,0.20316030085086823,0.2619057893753052,0.34945106506347656,0.4042067527770996,0.2656475901603699
0.2619534730911255,0.4194762408733368,0.39352166652679443,0.31605833768844604,0.20028530061244965,0.09972337633371353,0.22203904390335083,0.3323451578617096,0.3633928894996643,0.39204344153404236,0.39456960558891296,0.26981207728385925,0.27610987424850464,0.0007864852086640894,0.0005915391957387328,0.004009632859379053,0.01049424521625042,0.01325355563312769,0.0003681869129650295,0.00039906706660985947,0.007231824100017548,0.004725567065179348,0.00039051673957146704,0.3459621071815491,0.2790834307670593,0.0015835929661989212,0.013562683947384357,0.01774534024298191,0.01659867912530899,0.01846223697066307,0.018745334818959236,0.012130760587751865,0.012580594047904015,0.014121243730187416,0.00363101321272552,0.3313838243484497,0.226405069231987,0.0069680968299508095,0.002083603059872985,0.010876476764678955,0.013130473904311657,0.010579226538538933,0.03533235192298889,0.022197484970092773,0.016090795397758484,0.0238760057836771,0.016157107427716255,0.19384661316871643,0.05253651365637779,0.010796003974974155,0.017482822760939598,0.012865275144577026,0.01315818540751934,0.022230474278330803,0.015417134389281273,0.024429239332675934,0.009699108079075813,0.02707437239587307,0.015299190767109394,0.021804913878440857,0.025924459099769592,0.012431299313902855,0.017913883551955223,0.009462468326091766,0.01718789152801037,0.010374934412539005,0.022174902260303497,0.0,0.0,0.02301357127726078,0.011732294224202633,0.016369476914405823,0.09515458345413208,0.007430638186633587,0.006970077287405729,0.0161754097789526,0.03125028312206268,0.038572415709495544,0.00031739199766889215,4.10593202104792e-06,0.00010771668166853487,0.02344995178282261,0.01203925535082817,0.02024002932012081,0.13263113796710968,4.284896931494586e-05,0.0037458117585629225,0.009229486808180809,0.019396604970097542,0.011391949839890003,0.023347260430455208,6.6227757997694425e-06,0.0004792600520886481,0.022705184295773506,0.015455301851034164,0.05275285616517067,0.18066132068634033,0.0013925806852057576,0.003813912393525243,0.015212207101285458,0.022803211584687233,0.020645789802074432,0.0024301924277096987,0.021317193284630775,5.842738755745813e-05,0.028746802359819412,0.016610870137810707,0.05808544531464577,0.23072385787963867,0.0006681319791823626,0.00027860229602083564,0.014308075420558453,0.018829353153705597,0.01565059833228588,0.025044580921530724,0.01573718525469303,0.02871667593717575,0.021203728392720222,0.015187016688287258,0.2936670482158661,0.2500011920928955,0.00020418089115992188,0.0001682446018094197,0.00291667552664876,0.004697185009717941,0.011264619417488575,0.0001095222178264521,0.01601739041507244,0.014371058903634548,0.005955993197858334,0.0028699745889753103,0.3910750448703766,0.22812284529209137,0.3755412995815277,0.3640018403530121,0.3445090353488922,0.2843540906906128,0.19452837109565735,0.20406848192214966,0.24322079122066498,0.30618155002593994,0.3910193145275116,0.4478157162666321,0.3014454245567322
0.30069413781166077,0.46662360429763794,0.4386843740940094,0.3636421263217926,0.23613332211971283,0.11691278219223022,0.29041406512260437,0.41223815083503723,0.43161284923553467,0.4472307860851288,0.44852393865585327,0.3120538592338562,0.33541107177734375,5.1902775339840446e-06,5.8053105931321625e-06,4.0226791497843806e-06,7.893300789874047e-05,0.00018995576829183847,1.6261339624179527e-05,8.571624675823841e-06,0.00013521556684281677,8.218730363296345e-05,2.4060732357611414e-06,0.4229887127876282,0.3242613673210144,5.927287816120952e-07,7.249577902257442e-05,8.78266801009886e-05,0.00011116421228507534,0.0002546415198594332,0.00032491551246494055,0.00023075216449797153,0.00018024849123321474,0.0002798851055558771,6.30061686024419e-06,0.39684098958969116,0.2636769711971283,1.9606684418249642e-06,0.00011307023669360206,0.00017490096797700971,5.000215969630517e-05,4.127150168642402e-05,0.00020137467072345316,0.0001428306131856516,0.00038951419992372394,0.00010292165097780526,1.0307164302503224e-05,0.21505415439605713,0.06080174818634987,2.227208142357995e-06,5.998195319989463e-06,2.283389403601177e-05,2.5073923097806983e-05,2.3116437660064548e-05,0.00010369477240601555,0.00014327095414046198,6.006256808177568e-05,1.926460572576616e-05,4.858167358179344e-06,0.02556215226650238,0.027527300640940666,6.955006483622128e-06,3.171220896547311e-06,2.5153925889753737e-05,2.8888794986414723e-05,1.2185000741737895e-05,1.4158926205709577e-05,0.0,0.0,8.674918717588298e-06,1.1175461622769944e-06,0.03030606545507908,0.10995126515626907,4.774992703460157e-06,3.118005770375021e-05,0.0001325330522377044,4.741823431686498e-05,2.7692944058799185e-05,3.7769925143038563e-07,5.777551947971915e-08,2.0498049480011105e-07,2.3758704628562555e-05,1.2586634511535522e-05,0.03664702922105789,0.16361317038536072,9.662375305197202e-06,1.7501377442386e-05,8.204421465052292e-05,5.010917448089458e-05,6.095808566897176e-05,2.1650714188581333e-05,5.701768657218054e-08,7.169329023781756e-07,2.8763312002411112e-05,2.8523063519969583e-05,0.04378916695713997,0.21909813582897186,1.7998052499024197e-05,1.4120672858553007e-05,1.0273800398863386e-05,4.020775304525159e-05,1.6070587662397884e-05,6.01104911766015e-05,0.00015856255777180195,1.3397739451193047e-07,1.7853461031336337e-05,8.33166814118158e-06,0.06164884939789772,0.2781692445278168,6.377268277901749e-07,1.1998624813713832e-06,8.976880053523928e-05,0.00017218655557371676,0.00018761036335490644,0.00023447723651770502,0.00018138032464776188,0.00010135208140127361,2.945316919067409e-05,1.3522761946660466e-05,0.34415045380592346,0.302155077457428,5.343234761312488e-07,7.998919500096235e-07,3.662163362605497e-05,4.5030377805233e-05,0.0001438324252376333,1.9220497051719576e-06,0.0001375960127916187,3.7005695048719645e-05,4.454771442397032e-06,1.3905730156693608e-05,0.47059500217437744,0.2594625949859619,0.41430607438087463,0.40430235862731934,0.387368381023407,0.3271418809890747,0.2425553947687149,0.2590044438838959,0.3040376901626587,0.37384092807769775,0.44787073135375977,0.506808876991272,0.3529796004295349
